0 0.6340277777777779 0.6469135802469136 0.1458333333333333 0.4839506172839506
0 0.3465277777777778 0.8925925925925926 0.1763888888888889 0.3975308641975309
0 0.3402777777777778 0.6000000000000000 0.1416666666666667 0.3506172839506173
0 0.1444444444444445 0.3197530864197531 0.1111111111111111 0.2592592592592592
0 0.2472222222222222 0.4259259259259259 0.0722222222222222 0.2938271604938272
0 0.2250000000000000 0.3851851851851852 0.0777777777777778 0.3061728395061729
0 0.0666666666666667 0.5654320987654321 0.0861111111111111 0.2271604938271605
0 0.0666666666666667 0.8148148148148148 0.1277777777777778 0.2716049382716049
0 0.1000000000000000 1.0382716049382716 0.2000000000000000 0.2790123456790123
0 0.0312500000000000 0.4506172839506173 0.0513888888888889 0.1061728395061728
0 0.0305555555555556 0.3740740740740741 0.0611111111111111 0.1604938271604938
